---PORTFOLIO-INFO---
DATA: stockID amount originalPrice
12 1 23987.35
6 9 1121.95
8 13 1023.71
11 45 84.14
1 1 127.81
0 25 24.327600000000004
---HISTORY---
102139.63 104746.6 105388.26 108435.2 106533.37 107121.58 109456.85 107201.04 106987.67 106206.91 105536.01 107720.06 107417.3 109428.62 107520.74 111117.68 109064.81 110561.18 110747.07 110462.78 114023.42 113026.86 111466.34 108418.17 110044.19 110729.12 113186.08 112864.09 114089.63 112455.06 113026.71 110755.06 112294.88 111363.19 112279.94 114223.42 114230.59 112451.94 113732.22 112413.4 106649.26 105961.15 106273.69 106473.91 108539.04 110283.69 113959.38 115488.27 118157.53 117964.8 118122.53 120014.04 119865.68 121550.15 124474.81 128958.91 125864.05 128309.41 131698.7 129810.4 129481.47 126289.65 124215.64 121799.02 122228.52 122136.83 115745.64 114498.74 116453.14 116286.31 116230.05 115130.36 115598.64 117135.4 113693.23 110478.29 111930.6 110267.45 110120.67 112444.24 114858.75 114221.35 109292.98 107553.23 112156.09 112001.23 113943.79 113255.85 111344.26 112952.88 114611.28 110690.55 109437.49 110432.57 110032.07 109626.54 113904.71 113665.36 116085.33 116953.79 119150.12 118398.9 116595.05 116354.16 116340.42 117681.45 117594.85 118062.11 117132.86 120213.73 120643.71 119243.74 113852.36 116852.13 117018.32 116662.16 123356.17 120287.04 121877.46 120994.48 
---HISTORY-END---
---TRANSACTIONS-LOG---
12 1 23987.35
6 9 1121.95
8 13 1023.71
11 45 84.14
1 1 127.81
0 25 24.327600000000004

---TRANSACTIONS-END---
---INFO-END---
For Terminal Trader, a text-based stock game.
Developed and Designed by Samuel Johns
