---STOCK-INFO---
0
Burley Buns
---ATTRIBUTES---
DATA: target_value target_vol recordHigh recordLow trend vol risk
10.0 0.1301200103679923 32.08 0.0 -1.5034942806009042 0.7 1 
---HISTORY---
11.32 12.52 13.42 13.18 13.49 14.3 13.57 14.17 14.57 13.61 14.15 14.19 15.3 15.49 16.64 17.96 17.55 16.82 17.16 16.65 16.56 15.19 13.71 13.49 13.76 13.87 13.88 14.33 13.56 13.49 12.7 12.34 13.26 12.35 12.86 12.14 12.98 13.05 14.19 15.01 14.71 13.3 13.09 13.12 12.89 12.34 13.05 13.4 12.39 11.51 11.09 11.37 12.56 12.62 13.08 11.95 12.38 12.14 12.07 12.7 11.87 11.33 11.66 12.09 11.35 10.66 11.22 10.77 11.84 12.5 13.48 14.35 15.15 14.98 15.4 15.25 14.8 15.07 14.6 14.49 13.33 12.77 11.99 11.19 11.54 12.13 13.27 13.28 12.57 11.52 12.41 11.53 11.16 11.52 12.43 12.74 13.69 12.52 11.45 11.45 
---INFO-END---
For Terminal Trader, a text-based stock game.
Developed and Designed by Samuel Johns
