---STOCK-INFO---
1
Logan Logs
---ATTRIBUTES---
DATA: target_value target_vol recordHigh recordLow trend vol risk
100.0 1.0 133.5 0.0 -1.7876381647935276 1.0 1 
---HISTORY---
110.71 101.07 106.82 113.83 124.85 126.52 126.91 123.06 130.17 114.3 116.46 105.18 111.47 105.71 108.74 110.43 117.01 121.77 120.99 126.89 131.67 125.45 122.1 124.63 118.72 109.27 107.42 109.49 109.67 104.23 106.24 98.08 105.32 114.76 123.64 112.84 107.41 109.16 113.94 117.4 121.88 115.73 105.54 104.87 103.63 108.22 108.24 112.63 108.27 100.89 98.82 92.9 90.64 86.41 87.45 90.09 94.04 88.73 83.28 79.87 88.16 85.48 90.44 86.63 87.19 87.28 83.28 81.86 80.76 79.08 86.83 86.69 81.44 88.64 95.68 95.74 95.66 95.12 91.74 91.71 100.89 112.13 102.48 113.37 110.77 113.0 111.24 102.36 94.84 94.05 93.42 89.49 95.86 95.33 91.02 95.16 95.91 100.66 98.69 110.39 108.83 111.19 116.83 126.98 121.42 118.3 116.89 115.58 105.8 102.7 114.17 108.2 113.38 105.4 115.12 123.14 133.5 129.36 116.76 116.76 
---INFO-END---
For Terminal Trader, a text-based stock game.
Developed and Designed by Samuel Johns
