---STOCK-INFO---
10
Sam's Johns
---ATTRIBUTES---
DATA: target_value target_vol recordHigh recordLow trend vol risk
67.0 1.0 94.92 0.0 0.7466258439685243 1.0 1 
---HISTORY---
61.46 59.94 61.84 58.99 61.6 63.23 70.24 75.21 78.45 71.6 77.99 79.42 77.73 73.55 65.97 59.53 63.86 59.02 62.75 57.91 60.95 65.16 70.18 72.66 72.95 77.41 75.55 76.11 74.6 68.68 69.98 70.54 66.4 67.99 73.07 73.12 66.4 68.3 66.01 69.34 66.64 67.93 75.28 82.04 88.1 79.7 81.02 78.61 83.42 85.05 79.37 86.77 79.66 74.58 68.3 74.36 71.41 65.95 72.97 71.95 67.47 64.15 64.25 62.18 62.61 59.17 64.75 70.69 70.0 68.37 62.55 59.13 57.16 53.54 50.36 55.57 55.85 52.24 52.4 51.0 51.2 51.54 56.37 62.51 58.32 56.73 63.46 69.24 73.72 77.24 74.54 76.02 84.16 81.94 78.3 73.73 67.42 61.92 59.27 60.87 65.51 68.11 72.17 80.58 86.93 82.5 85.96 93.51 91.53 93.58 94.92 85.12 83.87 75.15 69.73 64.05 64.86 61.55 61.55 59.71 
---INFO-END---
For Terminal Trader, a text-based stock game.
Developed and Designed by Samuel Johns
