---STOCK-INFO---
11
Jenna Gyms
---ATTRIBUTES---
DATA: target_value target_vol recordHigh recordLow trend vol risk
389.902452680153 2.0 541.38 0.0 -0.7303364438908283 2.0 2 
---HISTORY---
127.6 119.22 105.59 118.01 127.23 129.77 148.54 129.29 143.66 136.58 153.84 145.97 134.53 130.51 116.79 118.64 110.69 107.03 104.65 111.83 130.64 134.83 116.66 102.78 99.88 93.24 101.57 106.97 104.94 96.45 97.19 89.25 92.98 85.61 93.19 99.11 116.34 136.05 159.55 173.93 185.7 190.8 169.38 144.63 133.09 115.12 118.05 123.68 139.16 155.84 178.33 187.95 159.09 135.02 135.07 140.33 121.79 107.45 104.18 104.27 107.12 102.8 110.77 105.8 98.15 113.89 116.01 136.26 131.85 125.39 124.39 138.58 137.34 151.67 153.17 147.57 154.71 172.78 209.31 200.27 187.94 174.22 169.4 157.17 153.49 174.92 169.89 173.67 188.99 174.05 206.56 229.02 266.7 307.91 286.25 296.46 271.08 301.58 294.44 294.41 310.96 309.01 283.84 315.07 340.69 343.12 377.68 400.0 454.28 537.83 541.38 490.59 487.73 424.47 491.11 510.78 479.63 460.1 430.87 437.16 
---INFO-END---
For Terminal Trader, a text-based stock game.
Developed and Designed by Samuel Johns
