---STOCK-INFO---
12
Rockford Mine
---ATTRIBUTES---
DATA: target_value target_vol recordHigh recordLow trend vol risk
4609.1683409446705 0.9661897981351835 18951.77 0.0 -5.0 1.0 3 
---HISTORY---
12720.58 13183.38 13121.63 12847.55 11951.46 12520.14 11990.16 12715.72 13868.06 15096.04 16048.86 14330.62 13098.22 12870.54 14038.75 13649.82 12606.51 11626.34 11891.33 13104.06 13058.05 13185.44 12008.16 11756.57 12290.01 13193.22 14554.79 16008.93 14610.64 15608.68 15899.01 14445.51 14818.88 14902.46 15878.78 16550.56 15679.83 15845.19 17004.21 16337.91 17118.28 18212.46 17636.07 15316.89 16138.62 16350.69 16245.75 14847.45 13936.58 13929.49 13557.86 14686.33 15423.16 15044.68 13901.98 12781.56 13376.0 12577.91 13907.15 14288.27 13433.01 13654.1 14860.05 16232.63 14837.35 13550.9 12245.88 12771.17 12828.62 13127.77 13310.5 13632.41 14090.89 15055.25 15581.93 15391.94 15630.97 16139.14 17052.64 17391.93 18702.48 17896.56 18951.77 17047.49 16352.85 17433.01 16969.84 15468.05 15911.55 15380.89 16390.08 16400.58 15477.47 15195.55 13406.36 13404.31 13720.78 13000.67 13385.53 12898.9 12320.26 13141.55 13163.15 12232.11 13036.91 14095.33 13550.58 13421.59 13755.25 12239.91 11222.37 10691.28 11519.72 12284.8 10860.24 9676.49 9375.17 8733.75 8060.63 8060.63 
---INFO-END---
For Terminal Trader, a text-based stock game.
Developed and Designed by Samuel Johns
