---STOCK-INFO---
13
Colin Call-Center
---ATTRIBUTES---
DATA: target_value target_vol recordHigh recordLow trend vol risk
2472.654729619337 5.0 10633.91 0.0 -5.0 2.9 1 
---HISTORY---
4555.97 3829.13 4583.2 4040.48 4767.5 4279.14 3690.88 3246.62 3178.16 2922.97 3439.8 3468.68 3380.98 3011.06 3396.3 4066.39 4340.58 4952.95 4975.19 4174.3 4550.14 4403.02 4614.27 5311.36 4555.82 4061.69 4910.03 5314.36 5753.09 6210.59 5843.13 4807.52 4815.85 3916.23 3724.49 4232.64 4828.37 5058.61 5555.76 4460.51 5010.52 5522.67 5960.69 5538.32 5880.53 4680.09 5234.43 4626.93 5141.4 4295.47 3576.07 3334.62 3004.27 3539.84 3498.32 2901.94 2854.22 2762.95 2550.04 2511.31 2231.93 2539.88 2269.84 2361.29 2360.9 2715.3 2973.42 3173.96 3624.98 4095.83 3808.85 4319.32 3484.0 2866.0 3089.6 3089.6 3089.6 3569.0 3569.0 3102.02 2818.41 3313.0 3353.49 3380.18 2852.66 3339.01 3406.19 3793.18 3544.01 4085.96 3699.62 3571.88 2896.3 2693.49 2643.7 2597.85 2819.83 2358.29 2388.12 2906.19 2915.63 2990.21 2836.15 3163.49 3232.08 3723.98 4259.5 4800.43 4916.07 5715.44 6205.43 5158.36 5242.48 5937.76 5073.94 4925.81 5361.55 5033.25 4941.83 4045.98 
---INFO-END---
For Terminal Trader, a text-based stock game.
Developed and Designed by Samuel Johns
