---STOCK-INFO---
14
Dave's Drive-In
---ATTRIBUTES---
DATA: target_value target_vol recordHigh recordLow trend vol risk
242.75268065419434 2.244043527095994 599.19 0.0 -3.8061908792198733 1.0 1 
---HISTORY---
344.63 307.93 280.41 256.07 254.11 226.34 219.3 222.78 209.19 187.65 179.64 194.66 186.74 193.52 199.96 203.65 194.51 198.49 192.9 206.57 197.4 178.72 165.22 181.92 165.51 153.62 163.38 150.52 138.41 134.4 149.88 166.34 178.48 176.04 182.05 172.82 160.88 163.4 152.87 146.7 139.45 134.55 136.23 134.07 139.94 153.7 159.58 156.27 157.77 167.86 162.11 150.73 155.01 169.18 165.17 162.34 146.24 162.0 170.97 158.14 150.79 147.04 154.1 151.41 161.84 160.71 171.16 187.04 175.21 158.35 153.45 162.74 167.48 180.56 199.09 199.09 199.09 191.16 191.16 189.81 182.93 204.56 235.35 228.12 255.33 265.14 252.0 278.14 284.58 300.09 321.89 314.53 335.07 310.74 312.8 316.33 336.68 312.68 299.02 276.47 282.68 259.01 274.28 298.32 318.82 313.24 334.68 337.24 352.56 361.42 358.24 381.0 381.76 337.8 304.35 324.48 303.54 318.0 337.79 305.77 
---INFO-END---
For Terminal Trader, a text-based stock game.
Developed and Designed by Samuel Johns
