---STOCK-INFO---
15
Woolworth's Diner
---ATTRIBUTES---
DATA: target_value target_vol recordHigh recordLow trend vol risk
265.1877293510384 1.0 1038.83 0.0 -5.0 1.0 3 
---HISTORY---
750.0 751.45 746.75 704.19 781.61 832.63 902.92 952.85 939.48 964.41 950.39 961.97 854.92 777.96 706.27 649.2 672.42 617.37 607.69 561.15 595.74 657.49 646.96 713.93 772.55 817.35 832.47 899.51 820.19 840.41 782.97 816.38 895.3 901.5 835.23 805.51 838.42 861.54 839.82 860.72 821.08 824.26 904.58 982.43 984.06 953.46 1017.12 1038.83 943.06 927.49 917.28 1000.29 1001.29 930.2 840.98 771.72 846.08 923.22 885.57 897.4 913.19 912.75 899.06 878.31 926.63 955.86 876.12 921.91 947.57 951.89 872.8 807.48 846.31 888.14 911.9 875.05 857.91 841.06 848.58 829.17 840.74 857.07 885.79 904.11 837.34 877.92 935.23 1002.97 920.7 815.75 766.99 785.96 804.51 828.59 873.02 928.57 831.81 803.6 773.85 778.11 789.96 835.1 838.67 835.04 861.58 773.17 724.81 757.72 715.2 667.04 684.69 719.22 692.95 630.41 574.05 590.09 625.31 622.99 644.99 660.52 
---INFO-END---
For Terminal Trader, a text-based stock game.
Developed and Designed by Samuel Johns
