---STOCK-INFO---
16
Ben Medical
---ATTRIBUTES---
DATA: target_value target_vol recordHigh recordLow trend vol risk
4244.20851216913 2.0 15023.65 0.0 -0.690805655990484 2.0 1 
---HISTORY---
11000.0 10355.44 9942.45 9206.77 8909.49 9420.54 9150.53 8675.42 8241.9 8350.94 7791.21 7919.65 8405.44 9085.49 8351.36 9037.68 8852.45 9525.68 9695.53 9772.79 11301.11 12906.63 13264.21 11923.9 11397.68 10276.4 10733.59 9743.44 8700.31 9172.74 9583.55 10749.86 11278.59 10784.45 9857.0 10522.15 11766.31 11961.5 12319.94 11275.26 10332.65 11170.24 12318.34 12641.71 12072.37 12468.47 12845.53 10854.64 10819.65 9319.81 10644.86 10564.14 10614.46 12135.07 12319.92 11801.86 12331.07 13213.23 11736.87 13516.97 12635.82 12241.86 13580.91 15023.65 13188.48 11020.8 11759.72 11908.78 11681.5 11996.69 10693.24 8855.58 8153.41 7197.25 7956.57 7423.71 8024.11 8572.58 9296.97 9229.77 9882.61 11055.9 10185.02 10942.92 11311.72 10049.06 9502.9 8537.38 7646.63 7676.29 7059.91 6215.89 6309.39 7034.01 6534.63 7208.12 6298.65 6753.41 7173.39 7388.36 7512.01 8309.0 7045.26 7519.16 7907.4 8048.19 7456.41 6999.68 7642.65 6522.21 7102.77 7716.48 6734.17 6426.61 5913.33 5236.33 5281.31 5338.77 4748.47 4738.64 
---INFO-END---
For Terminal Trader, a text-based stock game.
Developed and Designed by Samuel Johns
