---STOCK-INFO---
17
Clanton Power
---ATTRIBUTES---
DATA: target_value target_vol recordHigh recordLow trend vol risk
732.8205947059995 1.0 1756.07 0.0 -1.30162149297022 1.0 1 
---HISTORY---
1400.0 1294.05 1322.27 1324.37 1409.81 1480.31 1599.35 1511.62 1446.0 1570.64 1430.74 1375.63 1477.81 1599.05 1639.85 1465.85 1593.74 1605.95 1756.07 1647.62 1455.19 1377.32 1485.49 1537.43 1564.14 1664.9 1556.54 1664.01 1558.69 1476.03 1547.36 1667.29 1581.11 1603.5 1555.72 1409.84 1458.53 1529.35 1453.21 1349.55 1346.5 1382.03 1383.22 1405.6 1482.44 1517.11 1642.65 1738.54 1577.83 1448.62 1522.29 1472.91 1577.11 1713.17 1541.38 1455.22 1413.29 1527.99 1439.04 1500.26 1373.6 1350.35 1484.3 1456.77 1457.58 1420.08 1372.07 1458.94 1418.71 1459.06 1566.74 1620.56 1601.91 1669.55 1528.99 1658.73 1633.22 1555.33 1426.71 1463.86 1573.18 1552.65 1517.78 1458.57 1503.27 1554.4 1555.2 1637.6 1561.09 1578.86 1579.26 1425.95 1520.44 1555.62 1612.23 1468.04 1530.04 1335.28 1211.77 1155.72 1143.74 1229.16 1239.26 1236.84 1333.57 1285.04 1217.13 1083.63 944.48 932.87 901.23 872.4 874.83 926.28 991.07 967.19 996.02 1064.81 1037.59 1031.97 
---INFO-END---
For Terminal Trader, a text-based stock game.
Developed and Designed by Samuel Johns
