---STOCK-INFO---
18
Alfred & Harrell
---ATTRIBUTES---
DATA: target_value target_vol recordHigh recordLow trend vol risk
670000.0 3.0 1212454.98 0.0 2.2147092001270243 3.0 1 
---HISTORY---
734883.99 652989.93 615601.23 622912.05 679724.5 583766.37 542625.1 641661.43 574038.76 525913.65 628604.75 578077.27 629603.74 723962.16 630323.54 534179.03 464722.32 471128.91 557119.49 614980.82 509328.34 443605.08 535742.79 540643.89 646851.53 747376.77 827450.3 701777.36 817220.42 743208.02 861510.02 1013154.68 955170.97 945827.05 736533.83 818851.8 639798.13 695635.12 783038.87 741955.02 667035.33 703968.38 768928.24 785114.77 798767.24 694675.95 771587.11 645238.31 754814.03 839479.5 923212.05 904596.66 856804.81 785467.21 632685.36 642705.3 700819.82 628798.13 681813.75 816741.29 869642.79 1015515.62 1079847.32 1060835.89 953784.91 813629.14 757187.93 818806.44 838285.05 784621.49 852404.08 684404.1 574971.4 581623.23 665767.9 758297.9 781630.78 871562.85 911908.68 727292.29 667572.14 599886.32 517928.09 489869.97 565843.69 655613.63 648664.75 768992.24 905021.35 762878.29 702167.94 815484.33 937063.73 1060296.97 1212454.98 1059375.83 860642.9 843213.29 715760.36 793106.22 651042.25 557901.11 503130.68 467700.32 418988.16 403482.88 448927.85 481015.58 494727.53 498601.58 466591.72 436179.47 380952.22 419019.9 489403.86 477970.01 470762.16 469002.44 441981.95 441981.95 
---INFO-END---
For Terminal Trader, a text-based stock game.
Developed and Designed by Samuel Johns
