---STOCK-INFO---
19
TYLO
---ATTRIBUTES---
DATA: target_value target_vol recordHigh recordLow trend vol risk
539174.2032139979 0.6467642887829201 2441426.94 0.0 0.27974603265896525 1.0 3 
---HISTORY---
1900000.0 2067938.21 2189151.72 1976732.3 1800678.02 1907814.79 1956530.66 1903855.91 2082166.07 2157368.68 2332928.4 2226922.92 2149747.27 1942191.4 2083841.18 2218652.23 2276873.93 2441426.94 2153190.69 1963924.1 1870831.78 1685086.76 1636555.98 1639253.74 1649964.27 1756936.95 1638026.52 1698393.78 1720525.64 1712067.4 1599787.64 1606580.67 1430874.6 1309290.52 1238802.53 1315391.32 1330650.69 1208229.58 1103094.12 1103684.03 1150558.16 1176253.96 1192186.57 1079125.31 970027.91 914790.29 820698.41 842564.36 908185.76 948239.01 1017934.93 924328.7 990845.72 870289.31 916914.06 869354.55 920968.94 817333.51 714513.74 637407.5 641014.27 601290.75 572091.59 553275.16 572267.96 576502.41 527566.69 528393.4 539703.76 502913.53 561154.33 545544.08 574148.43 609399.56 569687.18 543276.41 582600.81 606569.98 572073.21 590013.85 613554.45 580779.0 605283.18 642237.4 603753.41 569956.48 524882.52 504135.91 534553.57 556553.83 625531.7 596016.86 583974.66 640402.88 644855.48 708816.32 635179.58 624282.77 687782.52 691760.47 722432.51 780807.73 787383.01 738086.79 789556.03 779986.45 771894.95 679931.66 690096.69 685246.92 701526.96 686870.13 631048.16 585316.94 589408.81 561875.61 558968.2 555024.62 534347.19 500027.32 
---INFO-END---
For Terminal Trader, a text-based stock game.
Developed and Designed by Samuel Johns
