---STOCK-INFO---
2
Shorehaven
---ATTRIBUTES---
DATA: target_value target_vol recordHigh recordLow trend vol risk
17000.0 1.3849121891065763 23904.16 0.0 -2.990875129593283 0.5 2 
---HISTORY---
17000.0 18381.7 19347.9 19618.02 18793.44 18576.65 17824.73 18596.56 17294.58 17422.82 18010.35 16906.49 16602.7 16274.12 16482.17 17402.0 17646.8 18652.34 19802.02 21010.62 19605.17 20760.23 19683.91 18237.64 19206.5 19688.66 18464.35 17288.74 17409.13 18662.72 17862.56 17029.39 16811.19 16019.31 16112.52 15296.73 16377.85 17199.79 17828.56 16880.87 17508.13 17028.89 17297.16 17238.49 18530.03 19538.89 20605.4 19845.27 20970.71 21279.22 20730.26 21103.04 21550.72 21324.65 19266.47 18002.04 18414.45 17274.91 17596.3 16668.67 16786.21 15897.5 16834.6 18237.39 19298.87 19467.08 19971.63 18576.58 17269.46 16413.04 17686.02 19108.27 19524.48 20246.37 20463.17 20017.71 19381.6 19306.89 18188.07 19045.24 19730.34 20117.04 20231.07 20968.43 21335.67 19903.42 20164.67 21251.79 22736.93 20955.62 21804.93 22411.71 23904.16 23012.51 20930.36 21377.03 22254.43 21423.2 22366.24 23387.53 21819.16 21186.88 21296.52 20824.69 20589.92 19278.52 19177.43 18169.28 18984.86 20247.52 21189.25 21426.64 23041.5 22806.07 21746.31 20499.1 19372.75 20632.47 21673.81 20870.92 
---INFO-END---
For Terminal Trader, a text-based stock game.
Developed and Designed by Samuel Johns
