---STOCK-INFO---
3
GreenCard
---ATTRIBUTES---
DATA: target_value target_vol recordHigh recordLow trend vol risk
68.62498271276137 0.6933986440699528 91.54 0.0 -0.9217709801436117 0.9 3 
---HISTORY---
43.22 41.7 42.09 44.3 47.44 49.16 45.36 45.78 49.53 53.61 52.7 48.51 50.66 52.2 46.87 50.64 45.2 41.72 37.82 37.73 39.3 39.55 41.6 39.08 38.77 42.01 40.5 44.17 48.11 51.32 52.47 51.48 47.8 50.37 54.65 59.91 55.9 56.88 57.98 61.31 63.04 65.29 62.38 61.18 57.48 61.49 62.47 63.74 66.49 64.17 62.9 58.51 58.54 64.27 66.85 64.83 66.14 72.93 71.43 74.21 67.39 66.38 66.26 63.66 60.21 64.68 71.59 69.08 71.48 74.28 78.67 77.12 80.09 73.64 67.76 67.2 74.32 68.57 65.25 69.67 73.16 75.6 83.11 91.04 90.52 82.12 82.17 80.92 84.97 91.54 89.6 84.09 89.56 86.59 83.75 75.46 76.82 83.73 84.88 88.42 80.88 78.7 79.8 83.12 82.61 78.23 73.43 71.77 68.35 75.96 71.3 72.71 77.52 72.39 74.78 80.53 80.85 79.55 76.07 76.07 
---INFO-END---
For Terminal Trader, a text-based stock game.
Developed and Designed by Samuel Johns
