---STOCK-INFO---
4
MurphCo
---ATTRIBUTES---
DATA: target_value target_vol recordHigh recordLow trend vol risk
10.0 1.0376311749178668 186.81 0.0 -1.7779413475880426 1.1 2 
---HISTORY---
17.41 17.99 16.9 17.82 16.76 16.76 15.81 14.7 14.92 14.71 13.83 14.66 13.37 13.13 11.82 12.9 12.36 13.58 13.81 13.75 14.39 14.84 13.31 14.14 14.18 13.32 13.15 12.5 12.81 11.96 12.73 12.54 13.47 13.28 13.35 13.18 13.59 13.84 14.31 15.17 15.61 16.78 17.04 17.9 18.41 19.67 21.61 23.05 20.85 20.98 18.83 17.12 17.96 18.49 17.17 17.66 16.12 17.42 18.15 16.42 18.03 18.39 18.83 19.99 19.3 17.79 18.03 16.97 16.95 16.87 15.43 14.2 14.29 14.33 15.25 13.64 12.46 13.52 13.51 12.14 12.39 12.19 12.62 13.19 14.13 15.75 14.77 15.33 14.43 13.41 14.73 13.52 12.85 13.69 13.41 12.8 12.61 12.09 11.82 11.82 
---INFO-END---
For Terminal Trader, a text-based stock game.
Developed and Designed by Samuel Johns
