---STOCK-INFO---
5
Orion
---ATTRIBUTES---
DATA: target_value target_vol recordHigh recordLow trend vol risk
10.0 0.5845367747474934 15.96 0.0 -2.3468560011217803 1.4 1 
---HISTORY---
9.51 9.48 9.32 10.29 10.94 10.96 11.46 10.45 9.42 9.07 8.2 8.1 8.83 8.58 9.04 9.45 10.7 11.24 11.45 11.67 12.85 12.8 13.5 13.36 14.11 15.17 15.96 13.97 14.35 14.21 13.86 11.73 9.95 10.34 11.16 11.62 12.54 11.11 11.55 11.54 10.43 10.35 11.34 10.51 9.4 9.51 10.45 9.92 8.84 8.54 8.72 8.94 8.98 8.59 9.31 9.43 10.51 9.78 10.69 10.93 11.85 12.22 11.72 12.47 11.89 11.91 12.44 12.02 11.45 11.22 11.6 11.22 11.56 10.83 10.79 11.29 11.65 10.28 9.8 10.0 11.13 11.14 10.01 9.81 9.08 9.82 9.97 9.62 8.77 7.95 8.57 8.84 8.29 9.13 9.91 10.44 11.4 11.33 11.32 11.9 12.39 12.16 13.38 11.64 10.84 10.39 10.63 10.54 11.5 11.09 11.44 10.38 10.43 10.81 11.27 10.36 10.32 11.47 12.32 12.32 
---INFO-END---
For Terminal Trader, a text-based stock game.
Developed and Designed by Samuel Johns
