---STOCK-INFO---
6
Rinnova
---ATTRIBUTES---
DATA: target_value target_vol recordHigh recordLow trend vol risk
1200.0 0.8283753898490412 2027.37 0.0 -4.698664441220643 1.2 1 
---HISTORY---
1388.35 1526.62 1499.23 1434.49 1308.36 1269.18 1198.71 1243.6 1121.58 1143.96 1159.32 1142.77 1255.3 1295.82 1180.28 1125.85 1098.63 1194.87 1159.38 1070.46 1001.75 1009.57 1008.56 1136.95 1273.42 1365.57 1303.87 1325.7 1226.78 1245.39 1151.98 1118.91 1225.14 1235.1 1289.33 1279.15 1398.89 1439.97 1284.4 1401.41 1337.05 1414.53 1385.71 1244.24 1200.08 1245.49 1262.26 1315.41 1387.34 1327.21 1209.33 1202.95 1191.88 1229.45 1330.05 1235.63 1148.53 1086.72 1073.18 1038.13 1103.43 1006.5 1126.24 1194.67 1107.56 1081.21 1104.0 1016.0 942.75 1024.94 1127.18 1204.81 1253.81 1226.58 1239.15 1150.23 1167.42 1137.6 1194.38 1220.06 1318.98 1290.63 1347.17 1379.15 1270.98 1329.88 1240.15 1182.62 1255.23 1391.82 1501.29 1656.77 1756.74 1885.28 1986.48 1849.04 1885.05 1731.71 1752.64 1694.48 1798.91 1600.16 1753.01 1856.72 1851.07 1826.74 1929.43 1791.24 1847.99 1894.03 1839.82 1835.51 1859.25 1708.99 1716.09 1887.67 2027.37 1859.69 1859.69 1793.72 
---INFO-END---
For Terminal Trader, a text-based stock game.
Developed and Designed by Samuel Johns
