---STOCK-INFO---
7
Beans & Cream
---ATTRIBUTES---
DATA: target_value target_vol recordHigh recordLow trend vol risk
295.29570624353823 5.0 695.27 0.0 1.955968600161724 1.3 1 
---HISTORY---
328.86 309.32 293.59 291.34 272.31 288.94 301.24 278.16 297.38 310.25 345.22 340.76 308.15 277.44 267.78 250.36 282.38 272.53 303.91 328.07 369.85 369.01 386.08 418.89 398.95 377.63 338.99 338.89 349.66 372.39 370.95 334.64 338.21 326.75 357.12 355.18 388.82 361.14 340.86 355.76 348.37 360.74 395.82 416.99 456.1 452.0 421.27 436.66 418.48 415.7 374.01 365.04 403.72 424.58 408.44 418.0 385.5 399.57 446.24 407.42 418.87 447.5 479.68 468.69 430.54 464.05 506.41 567.42 622.71 670.68 670.85 633.98 689.02 695.27 654.37 654.37 654.37 579.79 579.79 598.72 584.1 524.1 529.89 571.69 563.99 569.28 579.57 533.05 519.41 563.04 608.53 541.26 486.55 518.56 521.58 509.68 495.0 505.05 517.57 483.62 437.44 394.66 345.73 343.68 354.36 323.02 354.05 373.41 383.53 351.23 319.73 305.72 326.89 299.16 277.68 264.45 259.77 256.5 242.42 239.8 
---INFO-END---
For Terminal Trader, a text-based stock game.
Developed and Designed by Samuel Johns
