---STOCK-INFO---
8
Mom & Dad's
---ATTRIBUTES---
DATA: target_value target_vol recordHigh recordLow trend vol risk
255.26029862407339 1.856287510958862 1127.0 0.0 -2.4924457521530132 0.6 2 
---HISTORY---
661.46 713.97 654.77 619.14 582.5 591.98 555.08 582.89 582.13 579.94 621.49 598.61 614.43 609.51 595.59 616.08 638.05 689.04 683.96 624.03 670.5 645.1 639.43 662.65 675.45 617.65 595.48 569.92 592.96 591.39 625.55 623.16 609.12 566.71 571.91 580.77 544.47 546.33 540.43 533.46 503.94 528.6 542.84 530.86 560.77 600.32 579.64 593.72 576.02 534.8 555.78 579.31 580.0 540.33 523.13 518.53 540.81 532.82 542.06 532.33 492.92 478.62 493.18 520.43 537.45 555.62 583.89 561.7 528.43 523.82 512.49 531.82 537.52 485.73 480.91 435.38 394.51 390.01 399.26 421.97 417.3 381.65 386.13 393.76 385.83 398.45 403.78 432.8 415.58 419.71 437.97 413.31 403.18 402.27 386.72 368.2 376.75 387.57 354.46 354.46 
---INFO-END---
For Terminal Trader, a text-based stock game.
Developed and Designed by Samuel Johns
