---STOCK-INFO---
9
The Rip
---ATTRIBUTES---
DATA: target_value target_vol recordHigh recordLow trend vol risk
362.9725436712391 5.0 730.86 0.0 -3.883975458212561 2.7 4 
---HISTORY---
419.46 484.25 516.53 579.49 531.03 536.58 438.94 384.71 374.18 433.15 508.59 558.1 533.91 554.52 618.32 651.83 730.86 588.9 566.44 569.46 499.51 537.17 464.85 438.25 507.01 495.79 460.68 460.14 525.69 594.5 528.6 606.35 539.53 487.42 467.9 415.67 344.07 291.08 344.39 364.91 428.74 405.01 482.0 449.75 454.46 520.06 468.6 441.96 409.2 445.91 392.57 427.39 375.53 381.36 363.41 338.62 320.33 387.98 413.16 387.27 352.27 347.63 342.26 388.55 419.65 484.35 515.17 562.53 536.68 462.59 527.45 464.29 486.99 445.11 392.04 380.52 408.12 470.67 478.94 444.42 401.37 388.14 449.76 454.21 511.78 551.17 481.38 412.98 426.33 469.56 402.11 386.56 364.52 390.04 452.96 481.8 417.86 434.28 429.99 368.62 413.31 433.32 525.09 593.59 598.18 477.75 525.52 459.55 491.81 528.65 540.09 507.1 435.06 474.74 478.9 475.25 442.83 485.98 481.7 481.7 
---INFO-END---
For Terminal Trader, a text-based stock game.
Developed and Designed by Samuel Johns
